(kicad_pcb (version 20170123) (host pcbnew no-vcs-found-96b3286~58~ubuntu16.10.1)

  (general
    (links 250)
    (no_connects 0)
    (area 78.337079 51.219959 102.817081 78.929961)
    (thickness 1.6)
    (drawings 7)
    (tracks 600)
    (zones 0)
    (modules 68)
    (nets 57)
  )

  (page A3)
  (layers
    (0 F.Cu signal)
    (1 In1.Cu power)
    (2 In2.Cu power)
    (31 B.Cu signal)
    (32 B.Adhes user)
    (33 F.Adhes user)
    (34 B.Paste user)
    (35 F.Paste user)
    (36 B.SilkS user)
    (37 F.SilkS user)
    (38 B.Mask user)
    (39 F.Mask user)
    (40 Dwgs.User user)
    (41 Cmts.User user)
    (42 Eco1.User user)
    (43 Eco2.User user)
    (44 Edge.Cuts user)
  )

  (setup
    (last_trace_width 0.1524)
    (user_trace_width 0.1524)
    (user_trace_width 0.2032)
    (user_trace_width 0.254)
    (user_trace_width 0.3048)
    (user_trace_width 0.3556)
    (trace_clearance 0.19)
    (zone_clearance 0.508)
    (zone_45_only yes)
    (trace_min 0.1524)
    (segment_width 0.2)
    (edge_width 0.1)
    (via_size 0.762)
    (via_drill 0.3048)
    (via_min_size 0.508)
    (via_min_drill 0.3048)
    (uvia_size 0.508)
    (uvia_drill 0.127)
    (uvias_allowed no)
    (uvia_min_size 0.508)
    (uvia_min_drill 0.127)
    (pcb_text_width 0.3)
    (pcb_text_size 1.5 1.5)
    (mod_edge_width 0.15)
    (mod_text_size 1 1)
    (mod_text_width 0.15)
    (pad_size 0.6 0.6)
    (pad_drill 0.3)
    (pad_to_mask_clearance 0.2)
    (aux_axis_origin 0 0)
    (visible_elements 7FFFEF7F)
    (pcbplotparams
      (layerselection 0x010f0_ffffffff)
      (usegerberextensions true)
      (excludeedgelayer true)
      (linewidth 0.150000)
      (plotframeref false)
      (viasonmask false)
      (mode 1)
      (useauxorigin false)
      (hpglpennumber 1)
      (hpglpenspeed 20)
      (hpglpendiameter 15)
      (psnegative false)
      (psa4output false)
      (plotreference true)
      (plotvalue true)
      (plotinvisibletext false)
      (padsonsilk false)
      (subtractmaskfromsilk false)
      (outputformat 1)
      (mirror false)
      (drillshape 0)
      (scaleselection 1)
      (outputdirectory output/))
  )

  (net 0 "")
  (net 1 GND)
  (net 2 NRST)
  (net 3 TCK)
  (net 4 TMS)
  (net 5 USB_N)
  (net 6 USB_P)
  (net 7 VDD)
  (net 8 VDD_USB)
  (net 9 PC2/DIO9)
  (net 10 PC1/DIO8)
  (net 11 PA7/DIO7)
  (net 12 PA6/DIO6)
  (net 13 PA5/DIO5)
  (net 14 PA4/DIO4)
  (net 15 PA3/DIO3)
  (net 16 PA2/DIO2)
  (net 17 PA1/DIO1)
  (net 18 PA0/DIO0)
  (net 19 XBEE_VDD)
  (net 20 PB5/DOUT)
  (net 21 PB4/DIN)
  (net 22 PB3/DIO13)
  (net 23 PB2/DIO12)
  (net 24 PD1/DIO11)
  (net 25 "Net-(J1-Pad8)")
  (net 26 PC3/DIO10)
  (net 27 PB6/TDI)
  (net 28 PB7/TDO)
  (net 29 PC0/USB_SEL)
  (net 30 PB0/STAT)
  (net 31 "Net-(L1-Pad1)")
  (net 32 PB1/ON/BYP)
  (net 33 "Net-(AE1-Pad1)")
  (net 34 "Net-(LED4-Pad2)")
  (net 35 PC4/L0)
  (net 36 PC5/L1)
  (net 37 "Net-(LED3-Pad2)")
  (net 38 "Net-(LED2-Pad2)")
  (net 39 PC6/L2)
  (net 40 PC7/L3)
  (net 41 "Net-(LED1-Pad2)")
  (net 42 USER_BUTTON)
  (net 43 "Net-(R4-Pad1)")
  (net 44 "Net-(R3-Pad1)")
  (net 45 "Net-(C1-Pad1)")
  (net 46 "Net-(C8-Pad1)")
  (net 47 "Net-(C9-Pad1)")
  (net 48 "Net-(C2-Pad1)")
  (net 49 "Net-(U1-Pad31)")
  (net 50 "Net-(U1-Pad30)")
  (net 51 "Net-(C5-Pad1)")
  (net 52 "Net-(C6-Pad1)")
  (net 53 RF_N)
  (net 54 RF_P)
  (net 55 "Net-(U1-Pad11)")
  (net 56 "Net-(U1-Pad5)")

  (net_class Default "This is the default net class."
    (clearance 0.19)
    (trace_width 0.1524)
    (via_dia 0.762)
    (via_drill 0.3048)
    (uvia_dia 0.508)
    (uvia_drill 0.127)
    (diff_pair_gap 0.254)
    (diff_pair_width 0.1524)
    (add_net NRST)
    (add_net "Net-(AE1-Pad1)")
    (add_net "Net-(C1-Pad1)")
    (add_net "Net-(C2-Pad1)")
    (add_net "Net-(C5-Pad1)")
    (add_net "Net-(C6-Pad1)")
    (add_net "Net-(C8-Pad1)")
    (add_net "Net-(C9-Pad1)")
    (add_net "Net-(J1-Pad8)")
    (add_net "Net-(L1-Pad1)")
    (add_net "Net-(LED1-Pad2)")
    (add_net "Net-(LED2-Pad2)")
    (add_net "Net-(LED3-Pad2)")
    (add_net "Net-(LED4-Pad2)")
    (add_net "Net-(R3-Pad1)")
    (add_net "Net-(R4-Pad1)")
    (add_net "Net-(U1-Pad11)")
    (add_net "Net-(U1-Pad30)")
    (add_net "Net-(U1-Pad31)")
    (add_net "Net-(U1-Pad5)")
    (add_net PA0/DIO0)
    (add_net PA1/DIO1)
    (add_net PA2/DIO2)
    (add_net PA3/DIO3)
    (add_net PA4/DIO4)
    (add_net PA5/DIO5)
    (add_net PA6/DIO6)
    (add_net PA7/DIO7)
    (add_net PB0/STAT)
    (add_net PB1/ON/BYP)
    (add_net PB2/DIO12)
    (add_net PB3/DIO13)
    (add_net PB4/DIN)
    (add_net PB5/DOUT)
    (add_net PB6/TDI)
    (add_net PB7/TDO)
    (add_net PC0/USB_SEL)
    (add_net PC1/DIO8)
    (add_net PC2/DIO9)
    (add_net PC3/DIO10)
    (add_net PC4/L0)
    (add_net PC5/L1)
    (add_net PC6/L2)
    (add_net PC7/L3)
    (add_net PD1/DIO11)
    (add_net RF_N)
    (add_net RF_P)
    (add_net TCK)
    (add_net TMS)
    (add_net USB_N)
    (add_net USB_P)
    (add_net USER_BUTTON)
    (add_net VDD_USB)
    (add_net XBEE_VDD)
  )

  (net_class Ant ""
    (clearance 0.2)
    (trace_width 0.335589)
    (via_dia 0.762)
    (via_drill 0.3048)
    (uvia_dia 0.508)
    (uvia_drill 0.127)
  )

  (net_class VDD ""
    (clearance 0.19)
    (trace_width 0.340502)
    (via_dia 0.762)
    (via_drill 0.3048)
    (uvia_dia 0.508)
    (uvia_drill 0.127)
    (add_net GND)
    (add_net VDD)
  )

  (module SensorsUnleashed:VIA-0.6mm (layer F.Cu) (tedit 58BA6683) (tstamp 58BA6B51)
    (at 86.35 54.75)
    (fp_text reference REF** (at 0 1.27) (layer F.SilkS) hide
      (effects (font (size 1 1) (thickness 0.15)))
    )
    (fp_text value VIA-0.6mm (at 0.0254 -1.1176) (layer F.Fab) hide
      (effects (font (size 1 1) (thickness 0.15)))
    )
    (pad 1 thru_hole circle (at 0 0) (size 0.6 0.6) (drill 0.3) (layers *.Cu)
      (net 1 GND) (zone_connect 2))
  )

  (module SensorsUnleashed:VIA-0.6mm (layer F.Cu) (tedit 58BA6683) (tstamp 58BA6B4C)
    (at 86.2 53.8)
    (fp_text reference REF** (at 0 1.27) (layer F.SilkS) hide
      (effects (font (size 1 1) (thickness 0.15)))
    )
    (fp_text value VIA-0.6mm (at 0.0254 -1.1176) (layer F.Fab) hide
      (effects (font (size 1 1) (thickness 0.15)))
    )
    (pad 1 thru_hole circle (at 0 0) (size 0.6 0.6) (drill 0.3) (layers *.Cu)
      (net 1 GND) (zone_connect 2))
  )

  (module SensorsUnleashed:VIA-0.6mm (layer F.Cu) (tedit 58BA6683) (tstamp 58BA6B1D)
    (at 99.35 59.7)
    (fp_text reference REF** (at 0 1.27) (layer F.SilkS) hide
      (effects (font (size 1 1) (thickness 0.15)))
    )
    (fp_text value VIA-0.6mm (at 0.0254 -1.1176) (layer F.Fab) hide
      (effects (font (size 1 1) (thickness 0.15)))
    )
    (pad 1 thru_hole circle (at 0 0) (size 0.6 0.6) (drill 0.3) (layers *.Cu)
      (net 1 GND) (zone_connect 2))
  )

  (module SensorsUnleashed:VIA-0.6mm (layer F.Cu) (tedit 58BA6683) (tstamp 58BA6B14)
    (at 99.8 58.8)
    (fp_text reference REF** (at 0 1.27) (layer F.SilkS) hide
      (effects (font (size 1 1) (thickness 0.15)))
    )
    (fp_text value VIA-0.6mm (at 0.0254 -1.1176) (layer F.Fab) hide
      (effects (font (size 1 1) (thickness 0.15)))
    )
    (pad 1 thru_hole circle (at 0 0) (size 0.6 0.6) (drill 0.3) (layers *.Cu)
      (net 1 GND) (zone_connect 2))
  )

  (module SensorsUnleashed:VIA-0.6mm (layer F.Cu) (tedit 58BA6683) (tstamp 58BA6B08)
    (at 100.2 57.9)
    (fp_text reference REF** (at 0 1.27) (layer F.SilkS) hide
      (effects (font (size 1 1) (thickness 0.15)))
    )
    (fp_text value VIA-0.6mm (at 0.0254 -1.1176) (layer F.Fab) hide
      (effects (font (size 1 1) (thickness 0.15)))
    )
    (pad 1 thru_hole circle (at 0 0) (size 0.6 0.6) (drill 0.3) (layers *.Cu)
      (net 1 GND) (zone_connect 2))
  )

  (module SensorsUnleashed:VIA-0.6mm (layer F.Cu) (tedit 58BA6683) (tstamp 58BA6ADD)
    (at 98.55 55.6)
    (fp_text reference REF** (at 0 1.27) (layer F.SilkS) hide
      (effects (font (size 1 1) (thickness 0.15)))
    )
    (fp_text value VIA-0.6mm (at 0.0254 -1.1176) (layer F.Fab) hide
      (effects (font (size 1 1) (thickness 0.15)))
    )
    (pad 1 thru_hole circle (at 0 0) (size 0.6 0.6) (drill 0.3) (layers *.Cu)
      (net 1 GND) (zone_connect 2))
  )

  (module SensorsUnleashed:VIA-0.6mm (layer F.Cu) (tedit 58BA6683) (tstamp 58BA6AD9)
    (at 97.8 54.95)
    (fp_text reference REF** (at 0 1.27) (layer F.SilkS) hide
      (effects (font (size 1 1) (thickness 0.15)))
    )
    (fp_text value VIA-0.6mm (at 0.0254 -1.1176) (layer F.Fab) hide
      (effects (font (size 1 1) (thickness 0.15)))
    )
    (pad 1 thru_hole circle (at 0 0) (size 0.6 0.6) (drill 0.3) (layers *.Cu)
      (net 1 GND) (zone_connect 2))
  )

  (module SensorsUnleashed:VIA-0.6mm (layer F.Cu) (tedit 58BA6683) (tstamp 58BA68DD)
    (at 82.45 73)
    (fp_text reference REF** (at 0 1.27) (layer F.SilkS) hide
      (effects (font (size 1 1) (thickness 0.15)))
    )
    (fp_text value VIA-0.6mm (at 0.0254 -1.1176) (layer F.Fab) hide
      (effects (font (size 1 1) (thickness 0.15)))
    )
    (pad 1 thru_hole circle (at 0 0) (size 0.6 0.6) (drill 0.3) (layers *.Cu)
      (net 1 GND) (zone_connect 2))
  )

  (module SensorsUnleashed:VIA-0.6mm (layer F.Cu) (tedit 58BA6683) (tstamp 58BA68C9)
    (at 99.6 68.2)
    (fp_text reference REF** (at 0 1.27) (layer F.SilkS) hide
      (effects (font (size 1 1) (thickness 0.15)))
    )
    (fp_text value VIA-0.6mm (at 0.0254 -1.1176) (layer F.Fab) hide
      (effects (font (size 1 1) (thickness 0.15)))
    )
    (pad 1 thru_hole circle (at 0 0) (size 0.6 0.6) (drill 0.3) (layers *.Cu)
      (net 1 GND) (zone_connect 2))
  )

  (module SensorsUnleashed:VIA-0.6mm (layer F.Cu) (tedit 58BA6683) (tstamp 58BA68C1)
    (at 96.95 78.1)
    (fp_text reference REF** (at 0 1.27) (layer F.SilkS) hide
      (effects (font (size 1 1) (thickness 0.15)))
    )
    (fp_text value VIA-0.6mm (at 0.0254 -1.1176) (layer F.Fab) hide
      (effects (font (size 1 1) (thickness 0.15)))
    )
    (pad 1 thru_hole circle (at 0 0) (size 0.6 0.6) (drill 0.3) (layers *.Cu)
      (net 1 GND) (zone_connect 2))
  )

  (module SensorsUnleashed:VIA-0.6mm (layer F.Cu) (tedit 58BA6683) (tstamp 58BA68B8)
    (at 81.1 77.85)
    (fp_text reference REF** (at 0 1.27) (layer F.SilkS) hide
      (effects (font (size 1 1) (thickness 0.15)))
    )
    (fp_text value VIA-0.6mm (at 0.0254 -1.1176) (layer F.Fab) hide
      (effects (font (size 1 1) (thickness 0.15)))
    )
    (pad 1 thru_hole circle (at 0 0) (size 0.6 0.6) (drill 0.3) (layers *.Cu)
      (net 1 GND) (zone_connect 2))
  )

  (module SensorsUnleashed:VIA-0.6mm (layer F.Cu) (tedit 58BA6683) (tstamp 58BA68AC)
    (at 86.5 77.85)
    (fp_text reference REF** (at 0 1.27) (layer F.SilkS) hide
      (effects (font (size 1 1) (thickness 0.15)))
    )
    (fp_text value VIA-0.6mm (at 0.0254 -1.1176) (layer F.Fab) hide
      (effects (font (size 1 1) (thickness 0.15)))
    )
    (pad 1 thru_hole circle (at 0 0) (size 0.6 0.6) (drill 0.3) (layers *.Cu)
      (net 1 GND) (zone_connect 2))
  )

  (module SensorsUnleashed:VIA-0.6mm (layer F.Cu) (tedit 58BA6683) (tstamp 58BA68A4)
    (at 95.2 77.85)
    (fp_text reference REF** (at 0 1.27) (layer F.SilkS) hide
      (effects (font (size 1 1) (thickness 0.15)))
    )
    (fp_text value VIA-0.6mm (at 0.0254 -1.1176) (layer F.Fab) hide
      (effects (font (size 1 1) (thickness 0.15)))
    )
    (pad 1 thru_hole circle (at 0 0) (size 0.6 0.6) (drill 0.3) (layers *.Cu)
      (net 1 GND) (zone_connect 2))
  )

  (module SensorsUnleashed:VIA-0.6mm (layer F.Cu) (tedit 58BA6683) (tstamp 58BA689C)
    (at 85.75 52.9)
    (fp_text reference REF** (at 0 1.27) (layer F.SilkS) hide
      (effects (font (size 1 1) (thickness 0.15)))
    )
    (fp_text value VIA-0.6mm (at 0.0254 -1.1176) (layer F.Fab) hide
      (effects (font (size 1 1) (thickness 0.15)))
    )
    (pad 1 thru_hole circle (at 0 0) (size 0.6 0.6) (drill 0.3) (layers *.Cu)
      (net 1 GND) (zone_connect 2))
  )

  (module SensorsUnleashed:VIA-0.6mm (layer F.Cu) (tedit 58BA6683) (tstamp 58BA6898)
    (at 87.6 52.35)
    (fp_text reference REF** (at 0 1.27) (layer F.SilkS) hide
      (effects (font (size 1 1) (thickness 0.15)))
    )
    (fp_text value VIA-0.6mm (at 0.0254 -1.1176) (layer F.Fab) hide
      (effects (font (size 1 1) (thickness 0.15)))
    )
    (pad 1 thru_hole circle (at 0 0) (size 0.6 0.6) (drill 0.3) (layers *.Cu)
      (net 1 GND) (zone_connect 2))
  )

  (module SensorsUnleashed:VIA-0.6mm (layer F.Cu) (tedit 58BA6683) (tstamp 58BA6894)
    (at 86.6 52.35)
    (fp_text reference REF** (at 0 1.27) (layer F.SilkS) hide
      (effects (font (size 1 1) (thickness 0.15)))
    )
    (fp_text value VIA-0.6mm (at 0.0254 -1.1176) (layer F.Fab) hide
      (effects (font (size 1 1) (thickness 0.15)))
    )
    (pad 1 thru_hole circle (at 0 0) (size 0.6 0.6) (drill 0.3) (layers *.Cu)
      (net 1 GND) (zone_connect 2))
  )

  (module SensorsUnleashed:XBEE-HEADER_with_JTAG locked (layer F.Cu) (tedit 58B85CC5) (tstamp 58BA685C)
    (at 90.604174 65.080224)
    (descr "Through hole pin header")
    (tags "pin header")
    (path /58B15B09)
    (attr virtual)
    (fp_text reference J1 (at -8.074494 0.025056) (layer B.SilkS)
      (effects (font (size 1.27 1.27) (thickness 0.2032)) (justify mirror))
    )
    (fp_text value XBEE_with_jtag (at 0 11.158718) (layer B.SilkS) hide
      (effects (font (size 1.27 1.27) (thickness 0.2032)) (justify mirror))
    )
    (fp_circle (center -2.6162 5.7658) (end -2.6924 5.715) (layer B.SilkS) (width 0.15))
    (fp_circle (center -9.2944 -5.9054) (end -9.3706 -5.9562) (layer B.SilkS) (width 0.15))
    (fp_line (start 3.168984 12.930478) (end 3.168984 12.930478) (layer B.SilkS) (width 0.15))
    (fp_line (start 3.168984 6.123278) (end 3.168984 12.981325) (layer B.SilkS) (width 0.15))
    (fp_line (start -3.231816 6.123278) (end 3.168984 6.123278) (layer B.SilkS) (width 0.15))
    (fp_line (start -3.231816 12.981278) (end -3.231816 6.123278) (layer B.SilkS) (width 0.15))
    (fp_line (start 3.169883 12.981278) (end -3.232017 12.981278) (layer B.SilkS) (width 0.15))
    (fp_line (start -12.195494 12.975856) (end -9.795494 12.975856) (layer B.SilkS) (width 0.15))
    (fp_line (start -9.795494 -7.024144) (end -12.195494 -7.024144) (layer B.SilkS) (width 0.15))
    (fp_line (start 12.204506 -7.024144) (end 9.804506 -7.024144) (layer B.SilkS) (width 0.15))
    (fp_line (start 12.004506 12.975856) (end 12.204506 12.975856) (layer B.SilkS) (width 0.15))
    (fp_line (start 9.804506 12.975856) (end 12.004506 12.975856) (layer B.SilkS) (width 0.15))
    (fp_line (start -9.795494 -7.024144) (end -9.795494 12.961309) (layer B.SilkS) (width 0.15))
    (fp_line (start -12.195494 12.961263) (end -12.195494 -7.024144) (layer B.SilkS) (width 0.15))
    (fp_line (start 9.804506 -7.024144) (end 9.804506 12.975856) (layer B.SilkS) (width 0.15))
    (fp_line (start 12.204506 12.975856) (end 12.204506 -7.024144) (layer B.SilkS) (width 0.15))
    (fp_line (start -12.19 13.805) (end 12.19 13.805) (layer F.SilkS) (width 0.15))
    (fp_line (start 12.19 13.805) (end 12.19 -7.275) (layer F.SilkS) (width 0.15))
    (fp_line (start 12.09 -7.275) (end 4.5 -13.805) (layer F.SilkS) (width 0.15))
    (fp_line (start 4.5 -13.805) (end -4.7 -13.805) (layer F.SilkS) (width 0.15))
    (fp_line (start -4.7 -13.805) (end -12.19 -7.275) (layer F.SilkS) (width 0.15))
    (fp_line (start -12.19 -7.275) (end -12.19 13.805) (layer F.SilkS) (width 0.15))
    (pad J9 smd rect (at 2.533984 7.65057) (size 0.74 2.4) (layers B.Cu B.Paste B.Mask)
      (net 1 GND))
    (pad J7 smd rect (at 1.263984 7.65057) (size 0.74 2.4) (layers B.Cu B.Paste B.Mask)
      (net 29 PC0/USB_SEL))
    (pad J5 smd rect (at -0.006016 7.65057) (size 0.74 2.4) (layers B.Cu B.Paste B.Mask)
      (net 5 USB_N))
    (pad J3 smd rect (at -1.276016 7.65057) (size 0.74 2.4) (layers B.Cu B.Paste B.Mask)
      (net 6 USB_P))
    (pad J1 smd rect (at -2.546016 7.65057) (size 0.74 2.4) (layers B.Cu B.Paste B.Mask)
      (net 8 VDD_USB))
    (pad J10 smd rect (at 2.533984 11.55057) (size 0.74 2.4) (layers B.Cu B.Paste B.Mask)
      (net 2 NRST))
    (pad J8 smd rect (at 1.263984 11.55057) (size 0.74 2.4) (layers B.Cu B.Paste B.Mask)
      (net 27 PB6/TDI))
    (pad J6 smd rect (at -0.006016 11.55057) (size 0.74 2.4) (layers B.Cu B.Paste B.Mask)
      (net 28 PB7/TDO))
    (pad J4 smd rect (at -1.276016 11.55057) (size 0.74 2.4) (layers B.Cu B.Paste B.Mask)
      (net 3 TCK))
    (pad J2 smd rect (at -2.546016 11.55057) (size 0.74 2.4) (layers B.Cu B.Paste B.Mask)
      (net 4 TMS))
    (pad 11 thru_hole oval (at 11.004506 11.980856 270) (size 1.36 1.6) (drill 0.8) (layers *.Cu *.Mask B.SilkS)
      (net 9 PC2/DIO9))
    (pad 12 thru_hole oval (at 11.004506 9.980856 270) (size 1.36 1.6) (drill 0.8) (layers *.Cu *.Mask B.SilkS)
      (net 10 PC1/DIO8))
    (pad 13 thru_hole oval (at 11.004506 7.980856 270) (size 1.36 1.6) (drill 0.8) (layers *.Cu *.Mask B.SilkS)
      (net 18 PA0/DIO0))
    (pad 14 thru_hole oval (at 11.004506 5.980856 270) (size 1.36 1.6) (drill 0.8) (layers *.Cu *.Mask B.SilkS)
      (net 17 PA1/DIO1))
    (pad 15 thru_hole oval (at 11.004506 3.980856 270) (size 1.36 1.6) (drill 0.8) (layers *.Cu *.Mask B.SilkS)
      (net 16 PA2/DIO2))
    (pad 16 thru_hole oval (at 11.004506 1.980856 270) (size 1.36 1.6) (drill 0.8) (layers *.Cu *.Mask B.SilkS)
      (net 15 PA3/DIO3))
    (pad 17 thru_hole oval (at 11.004506 -0.019144 270) (size 1.36 1.6) (drill 0.8) (layers *.Cu *.Mask B.SilkS)
      (net 14 PA4/DIO4))
    (pad 18 thru_hole oval (at 11.004506 -2.019144 270) (size 1.36 1.6) (drill 0.8) (layers *.Cu *.Mask B.SilkS)
      (net 13 PA5/DIO5))
    (pad 19 thru_hole oval (at 11.004506 -4.019144 270) (size 1.36 1.6) (drill 0.8) (layers *.Cu *.Mask B.SilkS)
      (net 12 PA6/DIO6))
    (pad 20 thru_hole oval (at 11.004506 -6.019144 270) (size 1.36 1.6) (drill 0.8) (layers *.Cu *.Mask B.SilkS)
      (net 11 PA7/DIO7))
    (pad 1 thru_hole rect (at -10.995494 -6.019144 270) (size 1.36 1.36) (drill 0.8) (layers *.Cu *.Mask B.SilkS)
      (net 19 XBEE_VDD))
    (pad 2 thru_hole oval (at -10.995494 -4.019144 270) (size 1.36 1.6) (drill 0.8) (layers *.Cu *.Mask B.SilkS)
      (net 20 PB5/DOUT))
    (pad 3 thru_hole oval (at -10.995494 -2.019144 270) (size 1.36 1.6) (drill 0.8) (layers *.Cu *.Mask B.SilkS)
      (net 21 PB4/DIN))
    (pad 4 thru_hole oval (at -10.995494 -0.019144 270) (size 1.36 1.6) (drill 0.8) (layers *.Cu *.Mask B.SilkS)
      (net 22 PB3/DIO13))
    (pad 5 thru_hole oval (at -10.995494 1.980856 270) (size 1.36 1.6) (drill 0.8) (layers *.Cu *.Mask B.SilkS)
      (net 2 NRST))
    (pad 6 thru_hole oval (at -10.995494 3.980856 270) (size 1.36 1.6) (drill 0.8) (layers *.Cu *.Mask B.SilkS)
      (net 23 PB2/DIO12))
    (pad 7 thru_hole oval (at -10.995494 5.980856 270) (size 1.36 1.6) (drill 0.8) (layers *.Cu *.Mask B.SilkS)
      (net 24 PD1/DIO11))
    (pad 8 thru_hole oval (at -10.995494 7.980856 270) (size 1.36 1.6) (drill 0.8) (layers *.Cu *.Mask B.SilkS)
      (net 25 "Net-(J1-Pad8)"))
    (pad 9 thru_hole oval (at -10.995494 9.980856 270) (size 1.36 1.6) (drill 0.8) (layers *.Cu *.Mask B.SilkS)
      (net 26 PC3/DIO10))
    (pad 10 thru_hole oval (at -10.995494 11.980856 270) (size 1.36 1.6) (drill 0.8) (layers *.Cu *.Mask B.SilkS)
      (net 1 GND))
    (model Pin_Headers/Pin_Header_Straight_1x10.wrl
      (at (xyz 0 0 0))
      (scale (xyz 1 1 1))
      (rotate (xyz 0 0 0))
    )
  )

  (module SensorsUnleashed:XBEE-HEADER_with_JTAG locked (layer F.Cu) (tedit 58B85CC5) (tstamp 58BA6825)
    (at 90.604174 65.080224)
    (descr "Through hole pin header")
    (tags "pin header")
    (path /58B15B09)
    (attr virtual)
    (fp_text reference J1 (at -8.074494 0.025056) (layer B.SilkS)
      (effects (font (size 1.27 1.27) (thickness 0.2032)) (justify mirror))
    )
    (fp_text value XBEE_with_jtag (at 0 11.158718) (layer B.SilkS) hide
      (effects (font (size 1.27 1.27) (thickness 0.2032)) (justify mirror))
    )
    (fp_line (start -12.19 -7.275) (end -12.19 13.805) (layer F.SilkS) (width 0.15))
    (fp_line (start -4.7 -13.805) (end -12.19 -7.275) (layer F.SilkS) (width 0.15))
    (fp_line (start 4.5 -13.805) (end -4.7 -13.805) (layer F.SilkS) (width 0.15))
    (fp_line (start 12.09 -7.275) (end 4.5 -13.805) (layer F.SilkS) (width 0.15))
    (fp_line (start 12.19 13.805) (end 12.19 -7.275) (layer F.SilkS) (width 0.15))
    (fp_line (start -12.19 13.805) (end 12.19 13.805) (layer F.SilkS) (width 0.15))
    (fp_line (start 12.204506 12.975856) (end 12.204506 -7.024144) (layer B.SilkS) (width 0.15))
    (fp_line (start 9.804506 -7.024144) (end 9.804506 12.975856) (layer B.SilkS) (width 0.15))
    (fp_line (start -12.195494 12.961263) (end -12.195494 -7.024144) (layer B.SilkS) (width 0.15))
    (fp_line (start -9.795494 -7.024144) (end -9.795494 12.961309) (layer B.SilkS) (width 0.15))
    (fp_line (start 9.804506 12.975856) (end 12.004506 12.975856) (layer B.SilkS) (width 0.15))
    (fp_line (start 12.004506 12.975856) (end 12.204506 12.975856) (layer B.SilkS) (width 0.15))
    (fp_line (start 12.204506 -7.024144) (end 9.804506 -7.024144) (layer B.SilkS) (width 0.15))
    (fp_line (start -9.795494 -7.024144) (end -12.195494 -7.024144) (layer B.SilkS) (width 0.15))
    (fp_line (start -12.195494 12.975856) (end -9.795494 12.975856) (layer B.SilkS) (width 0.15))
    (fp_line (start 3.169883 12.981278) (end -3.232017 12.981278) (layer B.SilkS) (width 0.15))
    (fp_line (start -3.231816 12.981278) (end -3.231816 6.123278) (layer B.SilkS) (width 0.15))
    (fp_line (start -3.231816 6.123278) (end 3.168984 6.123278) (layer B.SilkS) (width 0.15))
    (fp_line (start 3.168984 6.123278) (end 3.168984 12.981325) (layer B.SilkS) (width 0.15))
    (fp_line (start 3.168984 12.930478) (end 3.168984 12.930478) (layer B.SilkS) (width 0.15))
    (fp_circle (center -9.2944 -5.9054) (end -9.3706 -5.9562) (layer B.SilkS) (width 0.15))
    (fp_circle (center -2.6162 5.7658) (end -2.6924 5.715) (layer B.SilkS) (width 0.15))
    (pad 10 thru_hole oval (at -10.995494 11.980856 270) (size 1.36 1.6) (drill 0.8) (layers *.Cu *.Mask B.SilkS)
      (net 1 GND))
    (pad 9 thru_hole oval (at -10.995494 9.980856 270) (size 1.36 1.6) (drill 0.8) (layers *.Cu *.Mask B.SilkS)
      (net 26 PC3/DIO10))
    (pad 8 thru_hole oval (at -10.995494 7.980856 270) (size 1.36 1.6) (drill 0.8) (layers *.Cu *.Mask B.SilkS)
      (net 25 "Net-(J1-Pad8)"))
    (pad 7 thru_hole oval (at -10.995494 5.980856 270) (size 1.36 1.6) (drill 0.8) (layers *.Cu *.Mask B.SilkS)
      (net 24 PD1/DIO11))
    (pad 6 thru_hole oval (at -10.995494 3.980856 270) (size 1.36 1.6) (drill 0.8) (layers *.Cu *.Mask B.SilkS)
      (net 23 PB2/DIO12))
    (pad 5 thru_hole oval (at -10.995494 1.980856 270) (size 1.36 1.6) (drill 0.8) (layers *.Cu *.Mask B.SilkS)
      (net 2 NRST))
    (pad 4 thru_hole oval (at -10.995494 -0.019144 270) (size 1.36 1.6) (drill 0.8) (layers *.Cu *.Mask B.SilkS)
      (net 22 PB3/DIO13))
    (pad 3 thru_hole oval (at -10.995494 -2.019144 270) (size 1.36 1.6) (drill 0.8) (layers *.Cu *.Mask B.SilkS)
      (net 21 PB4/DIN))
    (pad 2 thru_hole oval (at -10.995494 -4.019144 270) (size 1.36 1.6) (drill 0.8) (layers *.Cu *.Mask B.SilkS)
      (net 20 PB5/DOUT))
    (pad 1 thru_hole rect (at -10.995494 -6.019144 270) (size 1.36 1.36) (drill 0.8) (layers *.Cu *.Mask B.SilkS)
      (net 19 XBEE_VDD))
    (pad 20 thru_hole oval (at 11.004506 -6.019144 270) (size 1.36 1.6) (drill 0.8) (layers *.Cu *.Mask B.SilkS)
      (net 11 PA7/DIO7))
    (pad 19 thru_hole oval (at 11.004506 -4.019144 270) (size 1.36 1.6) (drill 0.8) (layers *.Cu *.Mask B.SilkS)
      (net 12 PA6/DIO6))
    (pad 18 thru_hole oval (at 11.004506 -2.019144 270) (size 1.36 1.6) (drill 0.8) (layers *.Cu *.Mask B.SilkS)
      (net 13 PA5/DIO5))
    (pad 17 thru_hole oval (at 11.004506 -0.019144 270) (size 1.36 1.6) (drill 0.8) (layers *.Cu *.Mask B.SilkS)
      (net 14 PA4/DIO4))
    (pad 16 thru_hole oval (at 11.004506 1.980856 270) (size 1.36 1.6) (drill 0.8) (layers *.Cu *.Mask B.SilkS)
      (net 15 PA3/DIO3))
    (pad 15 thru_hole oval (at 11.004506 3.980856 270) (size 1.36 1.6) (drill 0.8) (layers *.Cu *.Mask B.SilkS)
      (net 16 PA2/DIO2))
    (pad 14 thru_hole oval (at 11.004506 5.980856 270) (size 1.36 1.6) (drill 0.8) (layers *.Cu *.Mask B.SilkS)
      (net 17 PA1/DIO1))
    (pad 13 thru_hole oval (at 11.004506 7.980856 270) (size 1.36 1.6) (drill 0.8) (layers *.Cu *.Mask B.SilkS)
      (net 18 PA0/DIO0))
    (pad 12 thru_hole oval (at 11.004506 9.980856 270) (size 1.36 1.6) (drill 0.8) (layers *.Cu *.Mask B.SilkS)
      (net 10 PC1/DIO8))
    (pad 11 thru_hole oval (at 11.004506 11.980856 270) (size 1.36 1.6) (drill 0.8) (layers *.Cu *.Mask B.SilkS)
      (net 9 PC2/DIO9))
    (pad J2 smd rect (at -2.546016 11.55057) (size 0.74 2.4) (layers B.Cu B.Paste B.Mask)
      (net 4 TMS))
    (pad J4 smd rect (at -1.276016 11.55057) (size 0.74 2.4) (layers B.Cu B.Paste B.Mask)
      (net 3 TCK))
    (pad J6 smd rect (at -0.006016 11.55057) (size 0.74 2.4) (layers B.Cu B.Paste B.Mask)
      (net 28 PB7/TDO))
    (pad J8 smd rect (at 1.263984 11.55057) (size 0.74 2.4) (layers B.Cu B.Paste B.Mask)
      (net 27 PB6/TDI))
    (pad J10 smd rect (at 2.533984 11.55057) (size 0.74 2.4) (layers B.Cu B.Paste B.Mask)
      (net 2 NRST))
    (pad J1 smd rect (at -2.546016 7.65057) (size 0.74 2.4) (layers B.Cu B.Paste B.Mask)
      (net 8 VDD_USB))
    (pad J3 smd rect (at -1.276016 7.65057) (size 0.74 2.4) (layers B.Cu B.Paste B.Mask)
      (net 6 USB_P))
    (pad J5 smd rect (at -0.006016 7.65057) (size 0.74 2.4) (layers B.Cu B.Paste B.Mask)
      (net 5 USB_N))
    (pad J7 smd rect (at 1.263984 7.65057) (size 0.74 2.4) (layers B.Cu B.Paste B.Mask)
      (net 29 PC0/USB_SEL))
    (pad J9 smd rect (at 2.533984 7.65057) (size 0.74 2.4) (layers B.Cu B.Paste B.Mask)
      (net 1 GND))
    (model Pin_Headers/Pin_Header_Straight_1x10.wrl
      (at (xyz 0 0 0))
      (scale (xyz 1 1 1))
      (rotate (xyz 0 0 0))
    )
  )

  (module SensorsUnleashed:XBEE-HEADER_with_JTAG locked (layer F.Cu) (tedit 58B85CC5) (tstamp 58BA67EE)
    (at 90.604174 65.080224)
    (descr "Through hole pin header")
    (tags "pin header")
    (path /58B15B09)
    (attr virtual)
    (fp_text reference J1 (at -8.074494 0.025056) (layer B.SilkS)
      (effects (font (size 1.27 1.27) (thickness 0.2032)) (justify mirror))
    )
    (fp_text value XBEE_with_jtag (at 0 11.158718) (layer B.SilkS) hide
      (effects (font (size 1.27 1.27) (thickness 0.2032)) (justify mirror))
    )
    (fp_circle (center -2.6162 5.7658) (end -2.6924 5.715) (layer B.SilkS) (width 0.15))
    (fp_circle (center -9.2944 -5.9054) (end -9.3706 -5.9562) (layer B.SilkS) (width 0.15))
    (fp_line (start 3.168984 12.930478) (end 3.168984 12.930478) (layer B.SilkS) (width 0.15))
    (fp_line (start 3.168984 6.123278) (end 3.168984 12.981325) (layer B.SilkS) (width 0.15))
    (fp_line (start -3.231816 6.123278) (end 3.168984 6.123278) (layer B.SilkS) (width 0.15))
    (fp_line (start -3.231816 12.981278) (end -3.231816 6.123278) (layer B.SilkS) (width 0.15))
    (fp_line (start 3.169883 12.981278) (end -3.232017 12.981278) (layer B.SilkS) (width 0.15))
    (fp_line (start -12.195494 12.975856) (end -9.795494 12.975856) (layer B.SilkS) (width 0.15))
    (fp_line (start -9.795494 -7.024144) (end -12.195494 -7.024144) (layer B.SilkS) (width 0.15))
    (fp_line (start 12.204506 -7.024144) (end 9.804506 -7.024144) (layer B.SilkS) (width 0.15))
    (fp_line (start 12.004506 12.975856) (end 12.204506 12.975856) (layer B.SilkS) (width 0.15))
    (fp_line (start 9.804506 12.975856) (end 12.004506 12.975856) (layer B.SilkS) (width 0.15))
    (fp_line (start -9.795494 -7.024144) (end -9.795494 12.961309) (layer B.SilkS) (width 0.15))
    (fp_line (start -12.195494 12.961263) (end -12.195494 -7.024144) (layer B.SilkS) (width 0.15))
    (fp_line (start 9.804506 -7.024144) (end 9.804506 12.975856) (layer B.SilkS) (width 0.15))
    (fp_line (start 12.204506 12.975856) (end 12.204506 -7.024144) (layer B.SilkS) (width 0.15))
    (fp_line (start -12.19 13.805) (end 12.19 13.805) (layer F.SilkS) (width 0.15))
    (fp_line (start 12.19 13.805) (end 12.19 -7.275) (layer F.SilkS) (width 0.15))
    (fp_line (start 12.09 -7.275) (end 4.5 -13.805) (layer F.SilkS) (width 0.15))
    (fp_line (start 4.5 -13.805) (end -4.7 -13.805) (layer F.SilkS) (width 0.15))
    (fp_line (start -4.7 -13.805) (end -12.19 -7.275) (layer F.SilkS) (width 0.15))
    (fp_line (start -12.19 -7.275) (end -12.19 13.805) (layer F.SilkS) (width 0.15))
    (pad J9 smd rect (at 2.533984 7.65057) (size 0.74 2.4) (layers B.Cu B.Paste B.Mask)
      (net 1 GND))
    (pad J7 smd rect (at 1.263984 7.65057) (size 0.74 2.4) (layers B.Cu B.Paste B.Mask)
      (net 29 PC0/USB_SEL))
    (pad J5 smd rect (at -0.006016 7.65057) (size 0.74 2.4) (layers B.Cu B.Paste B.Mask)
      (net 5 USB_N))
    (pad J3 smd rect (at -1.276016 7.65057) (size 0.74 2.4) (layers B.Cu B.Paste B.Mask)
      (net 6 USB_P))
    (pad J1 smd rect (at -2.546016 7.65057) (size 0.74 2.4) (layers B.Cu B.Paste B.Mask)
      (net 8 VDD_USB))
    (pad J10 smd rect (at 2.533984 11.55057) (size 0.74 2.4) (layers B.Cu B.Paste B.Mask)
      (net 2 NRST))
    (pad J8 smd rect (at 1.263984 11.55057) (size 0.74 2.4) (layers B.Cu B.Paste B.Mask)
      (net 27 PB6/TDI))
    (pad J6 smd rect (at -0.006016 11.55057) (size 0.74 2.4) (layers B.Cu B.Paste B.Mask)
      (net 28 PB7/TDO))
    (pad J4 smd rect (at -1.276016 11.55057) (size 0.74 2.4) (layers B.Cu B.Paste B.Mask)
      (net 3 TCK))
    (pad J2 smd rect (at -2.546016 11.55057) (size 0.74 2.4) (layers B.Cu B.Paste B.Mask)
      (net 4 TMS))
    (pad 11 thru_hole oval (at 11.004506 11.980856 270) (size 1.36 1.6) (drill 0.8) (layers *.Cu *.Mask B.SilkS)
      (net 9 PC2/DIO9))
    (pad 12 thru_hole oval (at 11.004506 9.980856 270) (size 1.36 1.6) (drill 0.8) (layers *.Cu *.Mask B.SilkS)
      (net 10 PC1/DIO8))
    (pad 13 thru_hole oval (at 11.004506 7.980856 270) (size 1.36 1.6) (drill 0.8) (layers *.Cu *.Mask B.SilkS)
      (net 18 PA0/DIO0))
    (pad 14 thru_hole oval (at 11.004506 5.980856 270) (size 1.36 1.6) (drill 0.8) (layers *.Cu *.Mask B.SilkS)
      (net 17 PA1/DIO1))
    (pad 15 thru_hole oval (at 11.004506 3.980856 270) (size 1.36 1.6) (drill 0.8) (layers *.Cu *.Mask B.SilkS)
      (net 16 PA2/DIO2))
    (pad 16 thru_hole oval (at 11.004506 1.980856 270) (size 1.36 1.6) (drill 0.8) (layers *.Cu *.Mask B.SilkS)
      (net 15 PA3/DIO3))
    (pad 17 thru_hole oval (at 11.004506 -0.019144 270) (size 1.36 1.6) (drill 0.8) (layers *.Cu *.Mask B.SilkS)
      (net 14 PA4/DIO4))
    (pad 18 thru_hole oval (at 11.004506 -2.019144 270) (size 1.36 1.6) (drill 0.8) (layers *.Cu *.Mask B.SilkS)
      (net 13 PA5/DIO5))
    (pad 19 thru_hole oval (at 11.004506 -4.019144 270) (size 1.36 1.6) (drill 0.8) (layers *.Cu *.Mask B.SilkS)
      (net 12 PA6/DIO6))
    (pad 20 thru_hole oval (at 11.004506 -6.019144 270) (size 1.36 1.6) (drill 0.8) (layers *.Cu *.Mask B.SilkS)
      (net 11 PA7/DIO7))
    (pad 1 thru_hole rect (at -10.995494 -6.019144 270) (size 1.36 1.36) (drill 0.8) (layers *.Cu *.Mask B.SilkS)
      (net 19 XBEE_VDD))
    (pad 2 thru_hole oval (at -10.995494 -4.019144 270) (size 1.36 1.6) (drill 0.8) (layers *.Cu *.Mask B.SilkS)
      (net 20 PB5/DOUT))
    (pad 3 thru_hole oval (at -10.995494 -2.019144 270) (size 1.36 1.6) (drill 0.8) (layers *.Cu *.Mask B.SilkS)
      (net 21 PB4/DIN))
    (pad 4 thru_hole oval (at -10.995494 -0.019144 270) (size 1.36 1.6) (drill 0.8) (layers *.Cu *.Mask B.SilkS)
      (net 22 PB3/DIO13))
    (pad 5 thru_hole oval (at -10.995494 1.980856 270) (size 1.36 1.6) (drill 0.8) (layers *.Cu *.Mask B.SilkS)
      (net 2 NRST))
    (pad 6 thru_hole oval (at -10.995494 3.980856 270) (size 1.36 1.6) (drill 0.8) (layers *.Cu *.Mask B.SilkS)
      (net 23 PB2/DIO12))
    (pad 7 thru_hole oval (at -10.995494 5.980856 270) (size 1.36 1.6) (drill 0.8) (layers *.Cu *.Mask B.SilkS)
      (net 24 PD1/DIO11))
    (pad 8 thru_hole oval (at -10.995494 7.980856 270) (size 1.36 1.6) (drill 0.8) (layers *.Cu *.Mask B.SilkS)
      (net 25 "Net-(J1-Pad8)"))
    (pad 9 thru_hole oval (at -10.995494 9.980856 270) (size 1.36 1.6) (drill 0.8) (layers *.Cu *.Mask B.SilkS)
      (net 26 PC3/DIO10))
    (pad 10 thru_hole oval (at -10.995494 11.980856 270) (size 1.36 1.6) (drill 0.8) (layers *.Cu *.Mask B.SilkS)
      (net 1 GND))
    (model Pin_Headers/Pin_Header_Straight_1x10.wrl
      (at (xyz 0 0 0))
      (scale (xyz 1 1 1))
      (rotate (xyz 0 0 0))
    )
  )

  (module SensorsUnleashed:VIA-0.6mm (layer F.Cu) (tedit 58BA6683) (tstamp 58BA67E2)
    (at 93.8 52.35)
    (fp_text reference REF** (at 0 1.27) (layer F.SilkS) hide
      (effects (font (size 1 1) (thickness 0.15)))
    )
    (fp_text value VIA-0.6mm (at 0.0254 -1.1176) (layer F.Fab) hide
      (effects (font (size 1 1) (thickness 0.15)))
    )
    (pad 1 thru_hole circle (at 0 0) (size 0.6 0.6) (drill 0.3) (layers *.Cu)
      (net 1 GND) (zone_connect 2))
  )

  (module SensorsUnleashed:VIA-0.6mm (layer F.Cu) (tedit 58BA6683) (tstamp 58BA67DE)
    (at 100.1 56.9)
    (fp_text reference REF** (at 0 1.27) (layer F.SilkS) hide
      (effects (font (size 1 1) (thickness 0.15)))
    )
    (fp_text value VIA-0.6mm (at 0.0254 -1.1176) (layer F.Fab) hide
      (effects (font (size 1 1) (thickness 0.15)))
    )
    (pad 1 thru_hole circle (at 0 0) (size 0.6 0.6) (drill 0.3) (layers *.Cu)
      (net 1 GND) (zone_connect 2))
  )

  (module SensorsUnleashed:VIA-0.6mm (layer F.Cu) (tedit 58BA6683) (tstamp 58BA67DA)
    (at 99.3 56.25)
    (fp_text reference REF** (at 0 1.27) (layer F.SilkS) hide
      (effects (font (size 1 1) (thickness 0.15)))
    )
    (fp_text value VIA-0.6mm (at 0.0254 -1.1176) (layer F.Fab) hide
      (effects (font (size 1 1) (thickness 0.15)))
    )
    (pad 1 thru_hole circle (at 0 0) (size 0.6 0.6) (drill 0.3) (layers *.Cu)
      (net 1 GND) (zone_connect 2))
  )

  (module SensorsUnleashed:VIA-0.6mm (layer F.Cu) (tedit 58BA6683) (tstamp 58BA67D6)
    (at 97.05 54.3)
    (fp_text reference REF** (at 0 1.27) (layer F.SilkS) hide
      (effects (font (size 1 1) (thickness 0.15)))
    )
    (fp_text value VIA-0.6mm (at 0.0254 -1.1176) (layer F.Fab) hide
      (effects (font (size 1 1) (thickness 0.15)))
    )
    (pad 1 thru_hole circle (at 0 0) (size 0.6 0.6) (drill 0.3) (layers *.Cu)
      (net 1 GND) (zone_connect 2))
  )

  (module SensorsUnleashed:VIA-0.6mm (layer F.Cu) (tedit 58BA6683) (tstamp 58BA67CD)
    (at 96.3 53.65)
    (fp_text reference REF** (at 0 1.27) (layer F.SilkS) hide
      (effects (font (size 1 1) (thickness 0.15)))
    )
    (fp_text value VIA-0.6mm (at 0.0254 -1.1176) (layer F.Fab) hide
      (effects (font (size 1 1) (thickness 0.15)))
    )
    (pad 1 thru_hole circle (at 0 0) (size 0.6 0.6) (drill 0.3) (layers *.Cu)
      (net 1 GND) (zone_connect 2))
  )

  (module SensorsUnleashed:VIA-0.6mm (layer F.Cu) (tedit 58BA6683) (tstamp 58BA67C9)
    (at 95.55 53)
    (fp_text reference REF** (at 0 1.27) (layer F.SilkS) hide
      (effects (font (size 1 1) (thickness 0.15)))
    )
    (fp_text value VIA-0.6mm (at 0.0254 -1.1176) (layer F.Fab) hide
      (effects (font (size 1 1) (thickness 0.15)))
    )
    (pad 1 thru_hole circle (at 0 0) (size 0.6 0.6) (drill 0.3) (layers *.Cu)
      (net 1 GND) (zone_connect 2))
  )

  (module SensorsUnleashed:VIA-0.6mm (layer F.Cu) (tedit 58BA6683) (tstamp 58BA67B6)
    (at 94.8 52.35)
    (fp_text reference REF** (at 0 1.27) (layer F.SilkS) hide
      (effects (font (size 1 1) (thickness 0.15)))
    )
    (fp_text value VIA-0.6mm (at 0.0254 -1.1176) (layer F.Fab) hide
      (effects (font (size 1 1) (thickness 0.15)))
    )
    (pad 1 thru_hole circle (at 0 0) (size 0.6 0.6) (drill 0.3) (layers *.Cu)
      (net 1 GND) (zone_connect 2))
  )

  (module Capacitors_SMD:C_0402_NoSilk (layer F.Cu) (tedit 58BA6C55) (tstamp 58B951F5)
    (at 96.7 73.61958 270)
    (descr "Capacitor SMD 0402, reflow soldering, AVX (see smccp.pdf)")
    (tags "capacitor 0402")
    (path /58B1CB67)
    (attr smd)
    (fp_text reference C7 (at -1.09958 -8.24 270) (layer F.SilkS) hide
      (effects (font (size 1 1) (thickness 0.15)))
    )
    (fp_text value 1uF (at 0 1.27 270) (layer F.Fab)
      (effects (font (size 1 1) (thickness 0.15)))
    )
    (fp_line (start 1 0.4) (end -1 0.4) (layer F.CrtYd) (width 0.05))
    (fp_line (start 1 0.4) (end 1 -0.4) (layer F.CrtYd) (width 0.05))
    (fp_line (start -1 -0.4) (end -1 0.4) (layer F.CrtYd) (width 0.05))
    (fp_line (start -1 -0.4) (end 1 -0.4) (layer F.CrtYd) (width 0.05))
    (fp_line (start -0.5 -0.25) (end 0.5 -0.25) (layer F.Fab) (width 0.1))
    (fp_line (start 0.5 -0.25) (end 0.5 0.25) (layer F.Fab) (width 0.1))
    (fp_line (start 0.5 0.25) (end -0.5 0.25) (layer F.Fab) (width 0.1))
    (fp_line (start -0.5 0.25) (end -0.5 -0.25) (layer F.Fab) (width 0.1))
    (fp_text user %R (at 0 -1.27 270) (layer F.Fab)
      (effects (font (size 1 1) (thickness 0.15)))
    )
    (pad 2 smd rect (at 0.55 0 270) (size 0.6 0.5) (layers F.Cu F.Paste F.Mask)
      (net 1 GND))
    (pad 1 smd rect (at -0.55 0 270) (size 0.6 0.5) (layers F.Cu F.Paste F.Mask)
      (net 42 USER_BUTTON))
    (model Capacitors_SMD.3dshapes/C_0402.wrl
      (at (xyz 0 0 0))
      (scale (xyz 1 1 1))
      (rotate (xyz 0 0 0))
    )
  )

  (module LEDs:LED_0402 (layer F.Cu) (tedit 58B59CAE) (tstamp 58B5A7EC)
    (at 89.75 77.3 90)
    (descr "LED 0402 smd package")
    (tags "LED led 0402 SMD smd SMT smt smdled SMDLED smtled SMTLED")
    (path /53D8E4A3)
    (attr smd)
    (fp_text reference LED3 (at -3.61324 0.14732 90) (layer F.SilkS) hide
      (effects (font (size 1 1) (thickness 0.15)))
    )
    (fp_text value Orange (at 0 1.4 90) (layer F.Fab)
      (effects (font (size 1 1) (thickness 0.15)))
    )
    (fp_line (start -1 -0.5) (end 1 -0.5) (layer F.CrtYd) (width 0.05))
    (fp_line (start -1 0.5) (end -1 -0.5) (layer F.CrtYd) (width 0.05))
    (fp_line (start 1 0.5) (end -1 0.5) (layer F.CrtYd) (width 0.05))
    (fp_line (start 1 -0.5) (end 1 0.5) (layer F.CrtYd) (width 0.05))
    (fp_line (start -0.95 -0.45) (end 0.5 -0.45) (layer F.SilkS) (width 0.12))
    (fp_line (start -0.95 0.45) (end 0.5 0.45) (layer F.SilkS) (width 0.12))
    (fp_line (start -0.5 0.25) (end -0.5 -0.25) (layer F.Fab) (width 0.1))
    (fp_line (start -0.5 -0.25) (end 0.5 -0.25) (layer F.Fab) (width 0.1))
    (fp_line (start 0.5 -0.25) (end 0.5 0.25) (layer F.Fab) (width 0.1))
    (fp_line (start 0.5 0.25) (end -0.5 0.25) (layer F.Fab) (width 0.1))
    (fp_line (start 0.15 -0.2) (end 0.15 0.2) (layer F.Fab) (width 0.1))
    (fp_line (start 0.15 0.2) (end -0.15 0) (layer F.Fab) (width 0.1))
    (fp_line (start -0.15 0) (end 0.15 -0.2) (layer F.Fab) (width 0.1))
    (fp_line (start -0.15 -0.2) (end -0.15 0.2) (layer F.Fab) (width 0.1))
    (fp_line (start -0.95 -0.45) (end -0.95 0.45) (layer F.SilkS) (width 0.12))
    (pad 1 smd rect (at -0.55 0 270) (size 0.6 0.7) (layers F.Cu F.Paste F.Mask)
      (net 1 GND))
    (pad 2 smd rect (at 0.55 0 270) (size 0.6 0.7) (layers F.Cu F.Paste F.Mask)
      (net 37 "Net-(LED3-Pad2)"))
    (model LEDs.3dshapes/LED_0402.wrl
      (at (xyz 0 0 0))
      (scale (xyz 1 1 1))
      (rotate (xyz 0 0 180))
    )
  )

  (module SensorsUnleashed:XBEE-HEADER_with_JTAG locked (layer F.Cu) (tedit 58B85CC5) (tstamp 58B4724F)
    (at 90.604174 65.080224)
    (descr "Through hole pin header")
    (tags "pin header")
    (path /58B15B09)
    (attr virtual)
    (fp_text reference J1 (at -8.074494 0.025056) (layer B.SilkS)
      (effects (font (size 1.27 1.27) (thickness 0.2032)) (justify mirror))
    )
    (fp_text value XBEE_with_jtag (at 0 11.158718) (layer B.SilkS) hide
      (effects (font (size 1.27 1.27) (thickness 0.2032)) (justify mirror))
    )
    (fp_line (start -12.19 -7.275) (end -12.19 13.805) (layer F.SilkS) (width 0.15))
    (fp_line (start -4.7 -13.805) (end -12.19 -7.275) (layer F.SilkS) (width 0.15))
